mtllib materials.mtl
v 0.02582993 -0.1377641 -0.1303203
v 0.01502191 0.2016277 -0.06265616
v -0.2468096 0.1947064 -0.06976199
v -0.2360017 -0.1446856 -0.1374261
v 0.02422631 -0.1524471 -0.05692911
v -0.2376053 -0.1593685 -0.06403494
v -0.2484133 0.1800234 0.003629148
v 0.01341829 0.1869447 0.01073498
v 0.03478026 -0.1411877 -0.1117187
v 0.02397223 0.1982043 -0.04405469
v -0.2466091 0.1965418 -0.07893586
v -0.235801 -0.1428503 -0.1465999
v -0.2358012 -0.1428503 -0.1465999
v 0.02603044 -0.1359288 -0.1394941
v 0.03332336 0.1984513 -0.04380089
v 0.02258299 0.2025597 -0.06612265
v -0.2382604 0.1876121 -0.03281265
v -0.2480125 0.1836941 -0.01471865
v -0.2372044 -0.1556978 -0.08238274
v -0.2274524 -0.1517799 -0.1004767
v -0.2472106 0.1910355 -0.05141419
v -0.2364026 -0.1483563 -0.1190783
v -0.2487054 0.1891961 0.005457878
v -0.2483046 0.1928668 -0.01288992
v -0.2475028 0.2002084 -0.04958546
v -0.2471018 0.2038791 -0.0679332
v -0.2457538 -0.1486034 -0.119332
v -0.2565618 0.1907883 -0.05166799
v -0.2357097 -0.1538584 -0.1392547
v -0.2361106 -0.157529 -0.1209069
v -0.2547039 -0.1451799 -0.1379337
v -0.265512 0.194212 -0.07026976
v -0.2657125 0.1923766 -0.06109565
v -0.2549044 -0.1470153 -0.1287597
v -0.2378056 -0.161204 -0.05486101
v -0.2486136 0.1781881 0.01280302
v -0.2369123 -0.1648705 -0.08421141
v -0.2373132 -0.1685413 -0.06586367
v -0.2573636 0.1834469 -0.01497245
v -0.2465556 -0.1559449 -0.08263648
v -0.2669152 0.1813643 -0.006052315
v -0.2561072 -0.1580275 -0.0737164
v -0.2671156 0.179529 0.003121555
v -0.2563076 -0.1598629 -0.06454241
v 0.02357131 0.1945333 -0.02570683
v 0.02317043 0.1908627 -0.007359087
v 0.03057116 0.1903265 -0.003486574
v 0.03292245 0.1947806 -0.02545309
v -0.101613 -0.1521134 -0.07870293
v -0.09653652 -0.1483191 -0.09692383
v 0.03437933 -0.1448584 -0.09337091
v 0.03397846 -0.1485292 -0.07502311
v 0.03292245 0.1947806 -0.02545309
v 0.03332336 0.1984513 -0.04380089
v 0.02081901 0.1864085 0.01460743
v 0.03057116 0.1903265 -0.003486574
v -0.112421 0.1872783 -0.01103884
v -0.1073446 0.1910727 -0.02925974
v -0.04462528 0.1890705 -0.009198964
v -0.04188661 0.1928031 -0.02748328
v -0.01072739 0.1899667 -0.008279026
v -0.00915762 0.1936684 -0.02659506
v 0.006221548 0.1904147 -0.007819057
v 0.007206872 0.1941009 -0.02615094
v -0.1116192 0.1946199 -0.04773438
v -0.04382347 0.1964121 -0.0458945
v -0.009925589 0.1973081 -0.04497457
v 0.007023342 0.1977561 -0.0445146
v -0.1008112 -0.1447719 -0.1153985
v -0.2373132 -0.1685413 -0.06586367
v -0.2369123 -0.1648705 -0.08421141
v -0.03381728 -0.1503212 -0.07686305
v -0.03107859 -0.1465888 -0.09514737
v 8.061528E-05 -0.1494253 -0.07594305
v 0.0016504 -0.1457236 -0.09425914
v 0.01702955 -0.1489772 -0.07548308
v 0.01801491 -0.145291 -0.09381503
v 0.03427057 -0.1577018 -0.0768519
v 0.01732169 -0.15815 -0.07731187
v -0.03301543 -0.1429799 -0.1135586
v 0.0008824319 -0.1420838 -0.1126386
v 0.01783137 -0.1416357 -0.1121786
v 0.03467147 -0.1540312 -0.09519964
v 0.01830705 -0.1544638 -0.09564376
v -0.2361105 -0.157529 -0.1209069
v -0.2357095 -0.1538584 -0.1392547
v -0.100519 -0.1539447 -0.1172272
v -0.03272328 -0.1521525 -0.1153873
v 0.001174584 -0.1512566 -0.1144674
v 0.01812351 -0.1508085 -0.1140074
v 0.03507239 -0.1503605 -0.1135474
v 0.03339107 -0.1368322 -0.1337867
v 0.04234138 -0.1402558 -0.1151851
v 0.02612209 -0.1469369 -0.132149
v 0.04234141 -0.1402558 -0.1151851
v 0.04373051 -0.1446112 -0.09311712
v 0.01812351 -0.1508085 -0.1140074
v 0.03507239 -0.1503605 -0.1135474
v 0.04373057 -0.1446114 -0.09311712
v 0.04137915 -0.1490656 -0.0711506
v 0.01830705 -0.1544638 -0.09564376
v 0.03467147 -0.1540312 -0.09519964
v 0.0240259 -0.1542826 -0.04775524
v -0.2378057 -0.161204 -0.05486101
v 0.04137912 -0.1490655 -0.0711506
v 0.031627 -0.1529835 -0.0530566
v 0.01732169 -0.15815 -0.07731187
v 0.03427057 -0.1577018 -0.0768519
v 0.0003727302 -0.1585979 -0.07777184
v -0.03352512 -0.159494 -0.07869178
v -0.1013208 -0.1612861 -0.08053166
v 0.02451843 -0.1616199 -0.0587579
v -0.2462634 -0.1651177 -0.08446521
v -0.2558151 -0.1672002 -0.07554507
v -0.2560155 -0.1690356 -0.0663712
v -0.2378058 -0.161204 -0.05486101
v -0.247157 -0.1614511 -0.05511481
v -0.2451521 -0.1430973 -0.1468539
v -0.235801 -0.1428503 -0.1465999
v -0.2546125 -0.156188 -0.1305884
v -0.2544119 -0.1543527 -0.1397625
v -0.2454617 -0.1577762 -0.1211607
v -0.2579649 0.1779408 0.01254922
v -0.2486137 0.1781881 0.01280302
v -0.2672073 0.190537 -0.004223585
v -0.2674078 0.1887016 0.004950345
v -0.2576557 0.1926196 -0.01314366
v -0.2486138 0.1781881 0.01280308
v 0.01321783 0.1851099 0.01990885
v -0.2483046 0.1928668 -0.0128901
v -0.2487054 0.1891961 0.00545764
v -0.1127131 0.1964512 -0.009210348
v -0.04491739 0.1982434 -0.007370472
v -0.01101951 0.1991394 -0.006450534
v 0.005929448 0.1995873 -0.005990565
v 0.02287833 0.2000356 -0.005530596
v 0.01312619 0.1961176 0.01256341
v -0.2568539 0.1999612 -0.0498392
v -0.2660046 0.2015493 -0.05926687
v -0.2658041 0.2033846 -0.06844097
v -0.2466089 0.1965418 -0.0789358
v -0.25596 0.1962945 -0.07918984
v 0.006731234 0.2069287 -0.04268569
v 0.02368012 0.207377 -0.04222572
v -0.0102177 0.2064807 -0.04314566
v -0.04411556 0.2055848 -0.04406559
v -0.1119113 0.2037926 -0.04590547
v -0.2475028 0.2002082 -0.04958522
v -0.2471018 0.2038791 -0.06793296
v 0.01522236 0.2034633 -0.07183003
v -0.2466093 0.196542 -0.0789358
v 0.01472981 0.2108004 -0.0608272
v 0.006914765 0.2032735 -0.02432227
v 0.02327922 0.2037063 -0.02387816
v 0.006731234 0.206929 -0.04268587
v 0.02368012 0.207377 -0.0422259
v 0.005929448 0.1995873 -0.005990326
v 0.02287832 0.2000353 -0.005530357
v 0.006914765 0.2032735 -0.02432227
v 0.02327922 0.2037063 -0.02387816
v 0.01493025 0.2126362 -0.07000107
v -0.2469014 0.2057147 -0.07710683
v 0.02755244 0.1968346 -0.03661418
v 0.02229087 0.2117326 -0.06429368
v 0.03303126 0.2076242 -0.04197216
v 0.01522236 0.2034633 -0.07183003
v 0.03263035 0.2039533 -0.02362436
v 0.03303126 0.2076242 -0.04197216
v 0.03263035 0.2039533 -0.02362436
v 0.03027907 0.1994991 -0.001658022
v 0.01321783 0.1851099 0.01990885
v 0.03027907 0.1994991 -0.001658022
v 0.02052689 0.1955814 0.01643598
v -0.2489059 0.187361 0.01463157
v 0.01292572 0.1942825 0.0217374
v 0.01292572 0.1942825 0.0217374
v 0.01493028 0.2126362 -0.07000107
v 0.03368324 -0.146005 -0.1356155
v 0.04263352 -0.1494285 -0.1170139
v 0.04263353 -0.1494285 -0.1170139
v 0.04402266 -0.153784 -0.09494591
v 0.04402272 -0.153784 -0.09494591
v 0.04167128 -0.1582384 -0.07297939
v 0.04167126 -0.1582383 -0.07297933
v 0.03191911 -0.1621563 -0.05488539
v 0.03191914 -0.1621563 -0.05488539
v -0.2375136 -0.1703767 -0.0566898
v 0.02431804 -0.1634552 -0.04958403
v -0.2355091 -0.1520231 -0.1484286
v 0.02632257 -0.1451015 -0.1413229
v 0.03368327 -0.146005 -0.1356155
v 0.03339113 -0.1368322 -0.1337867
v 0.031627 -0.1529835 -0.0530566
v -0.2375138 -0.1703767 -0.0566898
v -0.2468649 -0.1706238 -0.05694354
v -0.2471567 -0.1614511 -0.05511475
v -0.2579648 0.1779408 0.01254922
v -0.258257 0.1871135 0.01437801
v -0.2489059 0.1873608 0.01463175
v -0.246901 0.2057145 -0.07710707
v -0.2562522 0.2054672 -0.07736111
v -0.2559603 0.1962945 -0.07918984
v -0.2451522 -0.1430973 -0.1468539
v -0.2448601 -0.1522701 -0.1486826
v -0.235509 -0.152023 -0.1484286
v -0.1660585 0.252876 -0.03371632
v -0.1487297 0.1626627 -0.05155325
v -0.1488774 0.1635904 -0.05638802
v -0.1662061 0.2538037 -0.03855109
v -0.1128434 0.2630341 -0.03339249
v -0.112991 0.2639616 -0.03822726
v -0.09566224 0.1737483 -0.05606425
v -0.0955146 0.1728206 -0.05122942
v -0.1367148 0.243711 -0.03637075
v -0.1368624 0.2446384 -0.04120553
v -0.2137494 0.2299881 -0.01778591
v -0.2116557 0.1383536 -0.03664345
v -0.2114277 0.1393502 -0.04146135
v -0.2135214 0.2309849 -0.02260381
v -0.1598535 0.2398319 -0.01319903
v -0.1596255 0.2408288 -0.01801687
v -0.1573225 0.1400306 -0.03876019
v -0.1575505 0.139034 -0.03394228
v -0.1865755 0.2250233 -0.0175271
v -0.1863476 0.2260199 -0.02234489
v -0.08010389 0.08045101 -0.09668458
v -0.08010666 0.07566595 -0.0765866
v -0.09599347 0.08607984 -0.0739733
v -0.09541842 0.09050345 -0.09414548
v -0.1078432 0.06962276 -0.07792008
v -0.09787796 0.07132745 -0.07803273
v -0.0973383 0.07556963 -0.09824514
v -0.1072682 0.07404637 -0.09809226
v -0.111424 0.08951855 -0.073659
v -0.1108489 0.0939424 -0.09383118
v -0.1078431 0.06962276 -0.07792008
v -0.1072681 0.07404637 -0.09809226
v -0.1347738 0.08564091 -0.07517523
v -0.1341988 0.09006476 -0.0953474
v -0.131193 0.06574512 -0.0794363
v -0.1306179 0.07016873 -0.09960848
v -0.1481067 0.077425 -0.07735699
v -0.1475317 0.08184886 -0.09752917
v -0.1311929 0.06574512 -0.07943624
v -0.1306178 0.07016897 -0.09960842
v -0.1662452 0.05223393 -0.08339864
v -0.1656702 0.05665779 -0.1035708
v -0.1493314 0.04055405 -0.08547789
v -0.1487563 0.04497766 -0.1056501
v -0.1696702 0.03717613 -0.08679843
v -0.1690952 0.04159999 -0.1069706
v -0.1493315 0.04055405 -0.08547795
v -0.1487563 0.04497766 -0.1056501
v -0.1614483 -0.008506298 -0.09658211
v -0.1608733 -0.00408268 -0.1167543
v -0.1411095 -0.005128622 -0.09526163
v -0.1405344 -0.0007047653 -0.1154338
v -0.1529591 -0.02158546 -0.09920859
v -0.1523841 -0.01716161 -0.1193808
v -0.1411095 -0.005128622 -0.09526163
v -0.1405344 -0.0007047653 -0.1154338
v -0.1335414 -0.03499448 -0.1015958
v -0.1329664 -0.03057075 -0.1217679
v -0.1216918 -0.01853776 -0.0976488
v -0.1211167 -0.0141139 -0.1178209
v -0.1181109 -0.03843355 -0.1019099
v -0.1175359 -0.0340097 -0.122082
v -0.1216918 -0.01853776 -0.0976488
v -0.1211168 -0.0141139 -0.1178209
v -0.07141124 -0.03067815 -0.09887731
v -0.07083626 -0.02625442 -0.1190495
v -0.07499212 -0.01078248 -0.09461635
v -0.07441711 -0.006358385 -0.1147884
v -0.05807835 -0.02246237 -0.0966956
v -0.05750342 -0.01803875 -0.1168678
v -0.07499209 -0.01078248 -0.09461635
v -0.07441726 -0.006358624 -0.1147885
v -0.04447441 -0.003569126 -0.0921644
v -0.04389952 0.0008544922 -0.1123366
v -0.06138816 0.008110762 -0.09008509
v -0.06081335 0.01253462 -0.1102573
v -0.04104942 0.01148868 -0.08876461
v -0.04047449 0.01591229 -0.1089368
v -0.06138812 0.008111 -0.09008509
v -0.06081344 0.01253462 -0.1102573
v -0.04516041 0.03433013 -0.08387285
v -0.04458547 0.03875375 -0.1040451
v -0.06549913 0.03095222 -0.08519334
v -0.06492445 0.03537583 -0.1053656
v -0.05364954 0.04740906 -0.08124661
v -0.05307452 0.05183268 -0.1014188
v -0.0654991 0.03095222 -0.08519328
v -0.06492428 0.03537583 -0.1053656
v -0.0665947 0.05634856 -0.07965517
v -0.0660197 0.06077218 -0.09982741
v -0.07844427 0.03989172 -0.08360189
v -0.07786947 0.0443151 -0.1037742
v -0.07786922 0.0443151 -0.1037741
v -0.0784443 0.03989172 -0.08360183
v -0.07844427 0.03989172 -0.08360183
v -0.07786947 0.0443151 -0.1037742
v -0.08202514 0.05978751 -0.07934105
v -0.0665947 0.05634856 -0.07965517
v -0.08145006 0.06421113 -0.09951329
v -0.0660197 0.06077218 -0.09982741
v -0.1131583 0.0546174 -0.08136272
v -0.1125832 0.05904102 -0.101535
v -0.1095774 0.03472161 -0.0856235
v -0.1090024 0.03914499 -0.1057958
v -0.1264912 0.0464015 -0.08354449
v -0.125916 0.05082512 -0.1037167
v -0.1095774 0.03472161 -0.0856235
v -0.1090022 0.03914499 -0.1057957
v -0.1310258 0.04010367 -0.08505487
v -0.1304507 0.04452753 -0.1052271
v -0.1141121 0.02842379 -0.08713388
v -0.1135368 0.0328474 -0.1073061
v -0.1344509 0.02504587 -0.08845466
v -0.1338758 0.02946973 -0.1086268
v -0.1141122 0.02842379 -0.08713394
v -0.1135368 0.0328474 -0.1073061
v -0.1330806 0.01743221 -0.09008539
v -0.1325055 0.02185607 -0.1102575
v -0.1119323 0.009369135 -0.09076387
v -0.111864 0.01413369 -0.1108666
v -0.1245914 0.004353046 -0.09271187
v -0.1240164 0.008776903 -0.1128837
v -0.1105808 0.0006875992 -0.09324658
v -0.1103478 0.005101919 -0.1134274
v -0.1010948 0.005903482 -0.0919562
v -0.09877241 0.01265287 -0.1113436
v -0.09716769 -0.002337933 -0.09386945
v -0.09656338 0.002031803 -0.1140519
v -0.08383895 0.01072598 -0.08979666
v -0.0828426 0.01472425 -0.1100408
v 0.3616925 -0.1062018 -0.02816933
v 0.1756552 -0.1201102 0.1979197
v 0.004551806 -0.09807754 0.05848265
v 0.1905892 -0.08416915 -0.1676064
v 0.3587274 -0.169194 -0.03448427
v 0.187624 -0.1471614 -0.1739213
v 0.001586668 -0.1610698 0.05216771
v 0.17269 -0.1831024 0.1916047
v 0.3670622 -0.1227367 -0.02476811
v 0.1810248 -0.1366451 0.2013208
v 0.004922502 -0.09020352 0.05927217
v 0.1909599 -0.07629526 -0.1668169
v 0.1909598 -0.07629526 -0.166817
v 0.3620632 -0.09832776 -0.02737993
v 0.1871357 -0.1374319 0.2063007
v 0.180692 -0.1175901 0.2022194
v 0.009180032 -0.1303605 0.060305
v 0.002327926 -0.1453217 0.0537464
v 0.1883652 -0.1314133 -0.1723425
v 0.1952173 -0.1164521 -0.1657839
v 0.003810503 -0.1138256 0.0569039
v 0.1898478 -0.09991729 -0.1691851
v -0.003441401 -0.1614456 0.0582782
v -0.002700113 -0.1456976 0.05985689
v -0.001217552 -0.1142014 0.06301439
v -0.0004762784 -0.0984534 0.0645932
v 0.183737 -0.09913039 -0.174165
v -0.002300359 -0.1130387 0.05192399
v 0.1956171 -0.08379328 -0.173717
v 0.1948757 -0.09954143 -0.1752957
v 0.1783674 -0.08259535 -0.1775661
v -0.007669888 -0.09650362 0.04852283
v -0.008040555 -0.1043779 0.04773343
v 0.1779968 -0.09046948 -0.1783555
v 0.1872535 -0.1550355 -0.1747106
v 0.001216106 -0.1689438 0.05137837
v 0.1933933 -0.1310375 -0.178453
v 0.1926521 -0.1467855 -0.1800318
v -0.003782906 -0.1445348 0.04876649
v 0.1822544 -0.1306264 -0.1773224
v -0.01026441 -0.1516219 0.04299724
v 0.1757729 -0.1377136 -0.1830917
v -0.01063503 -0.1594959 0.0422079
v 0.1754023 -0.1455877 -0.183881
v 0.1802835 -0.1523931 0.1997421
v 0.1795422 -0.1681411 0.1981633
v 0.1842826 -0.1719202 0.2018316
v 0.1863943 -0.15318 0.204722
v 0.2769724 -0.1428231 -0.1001341
v 0.2807691 -0.1274685 -0.0960654
v 0.3663208 -0.1384847 -0.02634686
v 0.3655795 -0.1542329 -0.02792555
v 0.1863943 -0.15318 0.204722
v 0.1871357 -0.1374319 0.2063007
v 0.1774304 -0.1868813 0.195273
v 0.1842826 -0.1719202 0.2018316
v 0.09093508 -0.1567314 0.1259549
v 0.09473178 -0.1413769 0.1300235
v 0.1352387 -0.1624362 0.1620591
v 0.1375076 -0.1468849 0.1648828
v 0.1573905 -0.1652887 0.1801112
v 0.1588956 -0.149639 0.1823125
v 0.1684664 -0.1667149 0.1891373
v 0.1695896 -0.1510161 0.1910273
v 0.09241766 -0.1252353 0.1291123
v 0.1367212 -0.1309402 0.1652166
v 0.1588731 -0.1337926 0.1832687
v 0.1699489 -0.1352189 0.1922948
v 0.278455 -0.1113269 -0.09697658
v 0.1926521 -0.1467855 -0.1800318
v 0.1933933 -0.1310375 -0.178453
v 0.3212759 -0.148528 -0.06402981
v 0.3235449 -0.1329767 -0.0612061
v 0.3434278 -0.1513804 -0.04597765
v 0.3449329 -0.1357307 -0.04377645
v 0.3545037 -0.1528066 -0.0369516
v 0.3556269 -0.1371077 -0.03506166
v 0.3706076 -0.1538569 -0.0340361
v 0.3595317 -0.1524307 -0.04306215
v 0.3227586 -0.1170318 -0.06087232
v 0.3449103 -0.1198843 -0.04282016
v 0.3559862 -0.1213105 -0.03379416
v 0.3713489 -0.1381088 -0.03245735
v 0.360655 -0.1367319 -0.04117215
v 0.1948758 -0.09954143 -0.1752956
v 0.1956172 -0.08379328 -0.1737169
v 0.283483 -0.1109511 -0.1030871
v 0.3277866 -0.1166559 -0.06698281
v 0.3499384 -0.1195084 -0.0489307
v 0.3610143 -0.1209346 -0.03990465
v 0.3720902 -0.1223608 -0.0308786
v 0.3667294 -0.1036817 -0.02386963
v 0.372099 -0.1202166 -0.02046841
v 0.3667206 -0.1058259 -0.03427982
v 0.3720991 -0.1202166 -0.02046841
v 0.3724317 -0.1392716 -0.02136695
v 0.3610143 -0.1209346 -0.03990465
v 0.3720902 -0.1223608 -0.0308786
v 0.3724318 -0.1392716 -0.02136695
v 0.37032 -0.1580119 -0.02425748
v 0.360655 -0.1367319 -0.04117215
v 0.3713489 -0.1381088 -0.03245735
v 0.3583568 -0.177068 -0.03527367
v 0.1872534 -0.1550355 -0.1747107
v 0.3703199 -0.1580119 -0.02425742
v 0.3634678 -0.172973 -0.0308162
v 0.3595317 -0.1524307 -0.04306215
v 0.3706076 -0.1538569 -0.0340361
v 0.3484558 -0.1510044 -0.0520882
v 0.326304 -0.1481521 -0.0701403
v 0.2820004 -0.1424472 -0.1062446
v 0.3637555 -0.1688181 -0.04059482
v 0.1872824 -0.1302506 -0.1834329
v 0.1808009 -0.1373377 -0.1892022
v 0.1804303 -0.1452118 -0.1899916
v 0.1872533 -0.1550354 -0.1747108
v 0.1811424 -0.1542486 -0.1796906
v 0.1848491 -0.07550812 -0.1717967
v 0.19096 -0.07629526 -0.1668169
v 0.1830247 -0.09009361 -0.1844661
v 0.1833954 -0.08221936 -0.1836767
v 0.1887649 -0.09875453 -0.1802756
v -0.004894815 -0.1681569 0.0463984
v 0.001216032 -0.1689438 0.05137831
v -0.01529248 -0.1519978 0.04910773
v -0.0156631 -0.1598718 0.04831839
v -0.008810975 -0.1449107 0.05487698
v 0.001215868 -0.1689438 0.05137843
v 0.1723192 -0.1909763 0.1908155
v -0.002700113 -0.1456974 0.05985689
v -0.003441386 -0.1614454 0.0582782
v 0.08590704 -0.1571071 0.1320654
v 0.1302106 -0.162812 0.1681697
v 0.1523625 -0.1656644 0.1862218
v 0.1634383 -0.1670907 0.1952478
v 0.1745142 -0.1685169 0.2042739
v 0.167662 -0.183478 0.1977153
v -0.007328413 -0.1134146 0.05803448
v -0.01306863 -0.1047537 0.05384392
v -0.01269795 -0.09687948 0.05463338
v 0.004922621 -0.09020352 0.05927223
v -0.001188181 -0.0894165 0.05429226
v 0.1649209 -0.1355948 0.1984053
v 0.1759968 -0.1370211 0.2074314
v 0.153845 -0.1341687 0.1893793
v 0.1316932 -0.1313163 0.1713272
v 0.08738961 -0.1256114 0.1352229
v -0.001217566 -0.1142017 0.06301433
v -0.0004762784 -0.09845364 0.0645932
v 0.1760256 -0.1122361 0.1987093
v 0.004922234 -0.09020352 0.05927223
v 0.1706271 -0.1204861 0.2040302
v 0.1645615 -0.151392 0.1971378
v 0.1752555 -0.152769 0.2058526
v 0.1649209 -0.1355947 0.1984053
v 0.1759968 -0.1370209 0.2074314
v 0.1634383 -0.1670908 0.1952478
v 0.1745142 -0.168517 0.2042739
v 0.1645615 -0.151392 0.1971378
v 0.1752555 -0.152769 0.2058526
v 0.1709976 -0.1126121 0.2048197
v -0.0001058057 -0.09057963 0.06538272
v 0.1831728 -0.1432589 0.2026812
v 0.175664 -0.1179662 0.20833
v 0.1821076 -0.1378078 0.2124112
v 0.1760256 -0.1122361 0.1987093
v 0.1813663 -0.1535559 0.2108325
v 0.1821076 -0.1378078 0.2124112
v 0.1813663 -0.1535559 0.2108325
v 0.1792546 -0.1722959 0.2079422
v 0.1723192 -0.1909763 0.1908155
v 0.1792546 -0.1722959 0.2079422
v 0.1724023 -0.1872571 0.2013835
v -0.003812157 -0.1693195 0.05748898
v 0.1672912 -0.191352 0.1969261
v 0.1672912 -0.191352 0.1969261
v 0.1709976 -0.1126121 0.2048197
v 0.3717575 -0.1033058 -0.02998012
v 0.3771271 -0.1198407 -0.0265789
v 0.3771271 -0.1198407 -0.0265789
v 0.3774598 -0.1388958 -0.0274775
v 0.3774598 -0.1388958 -0.02747744
v 0.375348 -0.1576359 -0.03036797
v 0.375348 -0.1576359 -0.03036797
v 0.3684958 -0.1725972 -0.03692669
v 0.3684959 -0.1725972 -0.03692669
v 0.1922814 -0.1546595 -0.1808212
v 0.3633848 -0.1766921 -0.04138416
v 0.1959879 -0.07591927 -0.1729275
v 0.3670912 -0.09795189 -0.03349042
v 0.3717576 -0.1033058 -0.02998012
v 0.3667295 -0.1036817 -0.02386963
v 0.3634678 -0.172973 -0.03081614
v 0.1922813 -0.1546595 -0.1808213
v 0.1861704 -0.1538726 -0.1858011
v 0.1811426 -0.1542486 -0.1796904
v -0.004894741 -0.1681569 0.04639846
v -0.009922877 -0.1685327 0.05250889
v -0.003812037 -0.1693196 0.0574888
v -0.0001054332 -0.09057951 0.06538272
v -0.006216235 -0.08979237 0.06040281
v -0.001188315 -0.0894165 0.0542922
v 0.184849 -0.07550812 -0.1717967
v 0.189877 -0.07513225 -0.1779073
v 0.1959879 -0.07591939 -0.1729274
v 0.1975058 -0.09917915 0.04230243
v 0.1967953 -0.1165323 0.04023778
v 0.1967953 -0.1165323 0.04023778
v 0.1975057 -0.09917915 0.04230231
v 0.1838772 -0.1174026 0.05199647
v 0.195983 -0.1185639 0.05759037
v 0.1845876 -0.1000494 0.05406123
v 0.1966934 -0.1012107 0.05965513
v 0.1658614 -0.1143367 0.03243124
v 0.1665718 -0.09698355 0.03449607
v 0.1787795 -0.1134665 0.02067262
v 0.17949 -0.09611332 0.02273726
v 0.1613228 -0.1126658 0.0199492
v 0.1620332 -0.0953126 0.02201408
v 0.1787795 -0.1134665 0.02067262
v 0.1794901 -0.09611344 0.02273738
v 0.1616336 -0.1118883 0.01330864
v 0.162344 -0.09453511 0.01537353
v 0.1790903 -0.1126891 0.01403207
v 0.1798009 -0.09533596 0.01609689
v 0.167321 -0.1106862 0.001250207
v 0.1680313 -0.09333313 0.003315151
v 0.1790903 -0.112689 0.01403195
v 0.1798008 -0.09533596 0.01609695
v 0.1722645 -0.1103531 -0.003249586
v 0.1729748 -0.09299994 -0.001184642
v 0.1905679 -0.1121511 0.0021559
v 0.190759 -0.09478104 0.004193306
v 0.1848463 -0.110324 -0.007820427
v 0.1855565 -0.09297109 -0.005755603
v 0.196142 -0.1112372 -0.003120303
v 0.196629 -0.09385574 -0.001237869
v 0.1997199 -0.112285 0.005322695
v 0.2003356 -0.09541333 0.009890616
v 0.2067275 -0.111959 0.001697242
v 0.2074858 -0.0946058 0.00374037
v 0.2085927 -0.1146103 0.01754093
v 0.2098079 -0.09727681 0.01953232
v 0.02494074 -0.1262256 0.1410763
v 0.08406025 -0.1235888 0.08840746
v 0.08410577 -0.1194276 0.0886668
v 0.02498624 -0.1220644 0.1413357
v 0.05546729 -0.1286877 0.1752183
v 0.05551277 -0.1245265 0.1754777
v 0.1146323 -0.1218898 0.1228089
v 0.1145868 -0.1260511 0.1225495
v 0.04953866 -0.1270404 0.1498311
v 0.04958416 -0.1228791 0.1500905
v 0.002452374 -0.1392649 0.1021963
v 0.05220348 -0.1349649 0.04069507
v 0.05246393 -0.1308336 0.04119456
v 0.002712801 -0.1351336 0.1026959
v 0.03305501 -0.1453698 0.1367301
v 0.03331545 -0.1412385 0.1372296
v 0.08804169 -0.1365083 0.06957823
v 0.08778124 -0.1406398 0.06907868
v 0.02312154 -0.1418535 0.1128276
v 0.02338197 -0.1377221 0.1133271
v 0.176986 -0.1004939 0.06581163
v 0.1768498 -0.1178669 0.06379372
v 0.1606492 -0.1177349 0.06277984
v 0.1613595 -0.1003817 0.06484467
v 0.1614615 -0.1157033 0.04542702
v 0.1672989 -0.1160442 0.05167776
v 0.1680817 -0.09867752 0.05360037
v 0.1621718 -0.09835029 0.04749185
v 0.1485433 -0.1165737 0.05718577
v 0.1492537 -0.09922063 0.05925065
v 0.1614615 -0.1157033 0.04542708
v 0.1621719 -0.09835029 0.04749191
v 0.1350314 -0.1142744 0.04251194
v 0.1357418 -0.09692132 0.04457676
v 0.1479496 -0.113404 0.03075325
v 0.14866 -0.09605086 0.03281802
v 0.1304929 -0.1126034 0.03002983
v 0.1312032 -0.09525025 0.03209472
v 0.1479496 -0.113404 0.03075331
v 0.1486601 -0.09605086 0.03281814
v 0.1317364 -0.1094935 0.00346756
v 0.1324468 -0.09214032 0.005532384
v 0.1491932 -0.1102941 0.004191041
v 0.1499036 -0.09294105 0.006255865
v 0.1374238 -0.1082915 -0.008590817
v 0.1381341 -0.09093833 -0.006525934
v 0.1491932 -0.1102941 0.004190922
v 0.1499036 -0.09294105 0.006255865
v 0.167085 -0.1062931 -0.03558981
v 0.1677953 -0.08893991 -0.03352499
v 0.1788544 -0.1082957 -0.02280807
v 0.1795648 -0.09094262 -0.02074319
v 0.1796667 -0.106264 -0.04016072
v 0.180377 -0.08891082 -0.03809589
v 0.1788544 -0.1082957 -0.02280807
v 0.1795647 -0.09094262 -0.02074313
v 0.1997079 -0.1071831 -0.03933024
v 0.2004182 -0.08983004 -0.03726536
v 0.1988955 -0.1092149 -0.0219776
v 0.1996059 -0.09186172 -0.01991266
v 0.2118137 -0.1083444 -0.03373629
v 0.212524 -0.09099138 -0.03167146
v 0.1988956 -0.1092148 -0.02197766
v 0.1996058 -0.09186172 -0.01991266
v 0.2388375 -0.1129432 -0.004388571
v 0.2395477 -0.09559 -0.002323747
v 0.2259193 -0.1138135 0.007370055
v 0.2266295 -0.09646046 0.009435058
v 0.243376 -0.1146141 0.008093536
v 0.2440864 -0.09726095 0.0101583
v 0.2259194 -0.1138135 0.007370055
v 0.2266295 -0.09646034 0.009434938
v 0.2424435 -0.1169466 0.0280152
v 0.2431538 -0.0995934 0.03007996
v 0.2249868 -0.116146 0.02729172
v 0.2256969 -0.09879279 0.02935654
v 0.2367561 -0.1181486 0.04007351
v 0.2374664 -0.1007954 0.04213828
v 0.2249868 -0.116146 0.02729183
v 0.2256969 -0.09879279 0.02935648
v 0.2219255 -0.1191477 0.05357307
v 0.2226358 -0.1017945 0.05563778
v 0.2101561 -0.1171451 0.04079133
v 0.2108662 -0.09979188 0.04285598
v 0.2093438 -0.1191766 0.05814403
v 0.2100542 -0.1018234 0.0602088
v 0.2101561 -0.1171451 0.04079145
v 0.2108664 -0.09979188 0.04285598
v 0.195983 -0.1185638 0.05759037
v 0.1966934 -0.1012107 0.05965513
v 0.1967953 -0.1165323 0.04023778
v 0.1975056 -0.09917915 0.04230231
vn 0.0214208 0.196132 -0.9803435
vn -0.0214208 -0.196132 0.9803435
vn 0.9033634 0.1113408 -0.4141712
vn 0.9992828 0.0264128 0.02713444
vn -0.03121541 0.9802221 0.1954232
vn 0.03121952 -0.9802195 -0.1954354
vn -0.8842066 0.06408577 -0.4626788
vn -0.9033659 -0.1113398 0.4141661
vn 0.9992831 0.02642042 0.02711769
vn 0.999283 0.02641584 0.02712368
vn -0.02142056 -0.196132 0.9803435
vn 0.9992834 0.02640391 0.02712089
vn -0.999283 -0.0264149 -0.0271243
vn 0.9992834 0.02641863 0.02710556
vn 0.9992833 0.02641525 0.02711666
vn 0.02142076 0.196132 -0.9803435
vn -0.6914515 0.1200078 -0.7123855
vn -0.7217456 -0.1573653 0.6740324
vn -0.9992833 -0.0264167 -0.02711492
vn 0.03121915 -0.9802221 -0.1954225
vn 0.03121518 -0.9802216 -0.1954256
vn 0.9992832 0.02641612 0.02711805
vn 0.8842044 -0.06408665 0.462683
vn 0.9992831 0.02641557 0.02712078
vn 0.03121218 -0.9802221 -0.1954237
vn 0.03122599 -0.9802234 -0.195415
vn -0.03121516 0.9802217 0.1954251
vn -0.0312154 0.9802216 0.1954258
vn -0.0312154 0.9802216 0.1954255
vn -0.0312145 0.9802217 0.1954252
vn -0.03121517 0.9802217 0.1954254
vn -0.0312154 0.9802216 0.1954254
vn -0.0312154 0.9802216 0.1954256
vn -0.0312145 0.9802217 0.1954254
vn 0.03121518 -0.9802216 -0.1954257
vn -0.9992833 -0.02641527 -0.02711666
vn 0.0312154 -0.9802216 -0.1954256
vn 0.0312154 -0.9802217 -0.1954254
vn 0.0312145 -0.9802217 -0.1954252
vn -0.02142058 -0.1961316 0.9803436
vn 0.03121541 -0.9802216 -0.1954259
vn 0.0312154 -0.9802216 -0.1954255
vn 0.0312145 -0.9802217 -0.1954253
vn -0.02142054 -0.1961315 0.9803436
vn -0.9992831 -0.02641479 -0.02712347
vn -0.02142066 -0.1961273 0.9803445
vn -0.02142062 -0.1961294 0.9803441
vn -0.02142048 -0.1961307 0.9803438
vn -0.02142063 -0.1961316 0.9803436
vn -0.02142064 -0.1961319 0.9803435
vn -0.03121539 0.9802218 0.1954251
vn 0.0312152 -0.9802225 -0.1954214
vn -0.0312146 0.9802217 0.1954254
vn 0.02142063 0.1961319 -0.9803435
vn -0.9994645 -0.03253327 0.003513329
vn 0.03121451 -0.9802216 -0.1954256
vn -0.03120142 0.9802218 0.1954269
vn 0.02142054 0.1961315 -0.9803436
vn -0.9981264 -0.02028005 -0.05772835
vn 0.03121494 -0.9802218 -0.1954248
vn -0.03121543 0.9802203 0.1954324
vn -0.03121104 0.9802209 0.1954299
vn 0.02142056 0.1961316 -0.9803436
vn 0.02142071 0.1961311 -0.9803438
vn 0.02142047 0.1961303 -0.9803438
vn 0.02142063 0.1961292 -0.9803441
vn 0.02142069 0.1961271 -0.9803445
vn 0.03121529 -0.9802206 -0.1954308
vn 0.02142086 0.1961252 -0.980345
vn -0.691451 0.120003 -0.7123867
vn -0.9992832 -0.02641581 -0.02711637
vn -0.03120744 0.9802219 0.1954256
vn 0.03121114 -0.9802212 -0.1954285
vn -0.03120906 0.9802216 0.1954267
vn -0.9992834 -0.02639895 -0.02712761
vn -0.7217456 -0.1573515 0.6740356
vn -0.02142073 -0.1961258 0.9803447
vn 0.03121168 -0.9802225 -0.1954219
vn 0.03121539 -0.9802217 -0.195425
vn -0.999283 -0.02642032 -0.02711889
vn -0.6914519 0.1200057 -0.7123855
vn 0.02142062 0.1961318 -0.9803435
vn -0.03121493 0.9802217 0.195425
vn 0.03121492 -0.980227 -0.1953986
vn -0.9992831 -0.0264205 -0.02711771
vn 0.02142132 0.1961067 -0.9803485
vn 0.0214214 0.1961044 -0.980349
vn 0.0214214 0.1961036 -0.9803492
vn 0.02142146 0.196103 -0.9803493
vn 0.02142146 0.1961026 -0.9803494
vn -0.03121523 0.9802224 0.1954216
vn -0.02142042 -0.1961314 0.9803436
vn -0.7217457 -0.1573676 0.6740317
vn -0.999283 -0.02641802 -0.02712492
vn 0.03121915 -0.9802212 -0.1954273
vn -0.0312175 0.980221 0.1954281
vn -0.02141802 -0.1961519 0.9803396
vn -0.02141989 -0.1961492 0.9803401
vn -0.02142002 -0.1961499 0.9803399
vn -0.02141993 -0.1961509 0.9803398
vn -0.02141983 -0.1961532 0.9803393
vn -0.999283 -0.02641606 -0.02712372
vn 0.03121601 -0.980215 -0.1954588
vn -0.0312153 0.9802205 0.1954311
vn -0.02142073 -0.1961256 0.9803448
vn -0.9994646 -0.03252947 0.003513474
vn 0.02141873 0.1961286 -0.9803442
vn -0.03121541 0.9802216 0.195426
vn -0.02142057 -0.196126 0.9803447
vn -0.9981266 -0.02027715 -0.05772556
vn 0.02142073 0.1961256 -0.9803448
vn -0.0312154 0.9802216 0.1954257
vn 0.9992832 0.02641377 0.02711921
vn -0.03121579 0.9802163 0.1954524
vn -0.9992831 -0.02641995 -0.02711476
vn 0.02141967 0.1961552 -0.9803389
vn -0.903358 -0.1113531 0.4141797
vn -0.03122026 0.9802194 0.1954359
vn -0.9992831 -0.02641547 -0.02711955
vn 0.9033626 0.1113465 -0.4141714
vn -0.02141728 -0.1961285 0.9803444
vn -0.03121539 0.9802217 0.1954253
vn 0.02142028 0.1961318 -0.9803436
vn 0.9992831 0.02641518 0.02711989
vn -0.4660417 -0.1872342 0.8647245
vn -0.0312217 0.980222 0.1954225
vn 0.02141728 0.1961285 -0.9803444
vn 0.9940527 0.0100363 0.1084374
vn -0.9992831 -0.02641529 -0.02711951
vn -0.03122533 0.9802237 0.1954139
vn 0.4660448 0.1872164 -0.8647268
vn 0.8842034 -0.06407558 0.4626864
vn -0.9992829 -0.026419 -0.02712512
vn -0.03121499 0.9802267 0.1954001
vn 0.9992831 0.02641609 0.02711967
vn -0.02142117 -0.1961088 0.9803482
vn -0.03121719 0.980227 0.1953983
vn 0.5824347 -0.1410351 0.8005491
vn 0.03121952 -0.9802275 -0.1953955
vn 0.582437 -0.1410382 0.8005469
vn -0.9992831 -0.02641499 -0.02711945
vn 0.03122082 -0.9802156 -0.195455
vn 0.6167077 0.1727734 -0.7679981
vn -0.0312184 0.9802161 0.1954533
vn -0.02142033 -0.1961318 0.9803436
vn 0.9033581 0.1113531 -0.4141797
vn 0.9940524 0.01003966 0.1084394
vn -0.466027 -0.1872201 0.8647355
vn -0.02139565 -0.1961545 0.9803395
vn 0.616711 0.1727705 -0.7679961
vn -0.9992832 -0.02641022 -0.02712174
vn -0.4277254 0.1636097 -0.8889786
vn 0.03121539 -0.9802217 -0.1954253
vn 0.4277276 -0.1636124 0.888977
vn 0.9033639 0.1113446 -0.414169
vn -0.427725 0.1636139 -0.8889779
vn 0.0312097 -0.9802215 -0.1954271
vn -0.02142049 -0.1961318 0.9803436
vn 0.9976102 0.04261688 -0.05438593
vn 0.02142049 0.1961318 -0.9803436
vn 0.03120394 -0.9802219 -0.1954259
vn 0.4660497 0.18724 -0.864719
vn 0.03121644 -0.9802208 -0.1954295
vn -0.466047 -0.1872427 0.8647199
vn 0.8842042 -0.06408589 0.4626834
vn 0.4660486 0.1872459 -0.8647184
vn 0.03121522 -0.9802217 -0.1954252
vn -0.9992832 -0.02641448 -0.02711935
vn -0.02142043 -0.196132 0.9803435
vn -0.9992831 -0.02641553 -0.02711956
vn 0.03121551 -0.9802217 -0.1954252
vn 0.4277246 -0.1636089 0.8889791
vn 0.0214204 0.1961318 -0.9803436
vn -0.03121536 0.980222 0.1954238
vn 0.6167055 0.1727563 -0.7680037
vn 0.03121538 -0.9802218 -0.1954248
vn 0.03121538 -0.9802218 -0.1954247
vn 0.5824395 -0.1410534 0.8005424
vn -0.03120846 0.9802198 0.195436
vn 0.9940518 0.0100407 0.1084448
vn -0.4660484 -0.1872397 0.8647198
vn -0.427727 0.1636125 -0.8889772
vn 0.9976103 0.04261418 -0.05438535
vn 0.6167055 0.1727567 -0.7680036
vn 0.4277233 -0.1636116 0.8889792
vn 0.9940517 0.01003684 0.1084456
vn -0.4660487 -0.18724 0.8647195
vn 0.5824405 -0.1410524 0.8005418
vn 0.4660437 0.1872409 -0.8647221
vn 0.9992829 0.02641147 0.02713336
vn 0.03120631 -0.9802226 -0.1954223
vn -0.7217496 -0.1573619 0.6740288
vn -0.02142032 -0.196132 0.9803435
vn 0.03120742 -0.980222 -0.1954246
vn -0.7217398 -0.1573662 0.6740383
vn -0.0312154 0.9802216 0.1954255
vn -0.02141992 -0.1961318 0.9803436
vn -0.7217444 -0.157366 0.6740334
vn -0.03121539 0.9802217 0.1954251
vn 0.999283 0.02642172 0.02712079
vn -0.02142031 -0.1961316 0.9803436
vn 0.9992824 0.0264121 0.02715215
vn -0.03122114 0.9802223 0.1954211
vn -0.6914395 0.1200068 -0.7123973
vn 0.02144411 0.1961324 -0.9803429
vn -0.03121917 0.980221 0.1954281
vn -0.6914465 0.1200087 -0.7123901
vn 0.03120907 -0.9802215 -0.1954273
vn 0.02144451 0.1961325 -0.980343
vn -0.6914448 0.1200178 -0.7123903
vn 0.03120701 -0.9802209 -0.1954304
vn 0.999283 0.02639777 0.02714199
vn 0.02144495 0.1961324 -0.9803429
vn -0.9992834 -0.02641382 -0.02711272
vn -0.7217509 -0.157362 0.6740273
vn -0.9992831 -0.02641996 -0.02711719
vn -0.7217442 -0.1573686 0.674033
vn -0.9992831 -0.02641522 -0.02712274
vn -0.6914387 0.1200085 -0.7123978
vn -0.9992833 -0.02640568 -0.02712409
vn -0.6914431 0.120016 -0.7123922
vn -0.9822474 -0.1874956 -0.005972505
vn 0.9822474 0.187495 0.005975481
vn 0.02997637 -0.1883327 0.9816477
vn -0.02997623 0.1883329 -0.9816477
vn 0.3077822 0.9361107 0.1701966
vn 0.1851797 -0.9640425 -0.1906058
vn -0.6329191 0.7565454 0.1644763
vn -0.9986776 -0.01255858 -0.04985279
vn 0.9986775 0.01255777 0.0498563
vn -0.04629112 -0.2023651 0.9782155
vn 0.04629171 0.2023657 -0.9782153
vn 0.1739152 0.9626768 0.2073808
vn 0.02237339 -0.9792305 -0.2015119
vn -0.497859 0.8536488 0.1530368
vn 0.5602415 0.8057027 0.1922831
vn 0.004813409 -0.2364841 0.9716235
vn 0.1541571 -0.9669192 -0.2032308
vn -0.0128275 0.2662382 -0.9638219
vn 0.265781 -0.9414892 -0.2072645
vn -0.8186862 0.5653531 0.1006423
vn 0.2166074 0.9522879 0.2150093
vn -0.02783399 -0.2141242 0.9764098
vn 0.134158 0.9670101 0.2165481
vn 0.02783445 0.2141242 -0.9764098
vn -0.984471 -0.1634968 -0.06391931
vn -0.1733204 0.9630271 0.2062496
vn -0.02784358 -0.2141265 0.9764091
vn 0.1733207 -0.9630276 -0.2062471
vn 0.02784353 0.2141268 -0.976409
vn -0.984471 -0.1634967 -0.06391895
vn -0.5368754 0.8271513 0.1660892
vn -0.02783062 -0.2141241 0.97641
vn -0.7334886 0.6687849 0.1213316
vn 0.02783023 0.2141246 -0.9764099
vn -0.5735625 -0.7965744 -0.1910377
vn -0.81869 0.5653476 0.1006424
vn -0.02783705 -0.2141311 0.9764082
vn 0.8186898 -0.565349 -0.100636
vn 0.02783669 0.2141312 -0.9764082
vn -0.5735625 -0.7965744 -0.1910375
vn -0.9758622 0.2174811 0.01987494
vn -0.02783234 -0.214126 0.9764094
vn 0.7540651 -0.6431899 -0.1330138
vn 0.02783229 0.2141251 -0.9764097
vn 0.173327 -0.9630259 -0.2062495
vn -0.9844713 -0.1634956 -0.06391815
vn -0.02783136 -0.2141243 0.9764099
vn 0.9844711 0.1634941 0.06392524
vn 0.02783232 0.2141245 -0.9764098
vn 0.1733266 -0.9630259 -0.2062499
vn -0.8432017 -0.5195883 -0.1379815
vn -0.0278284 -0.21414 0.9764065
vn -0.9962832 -0.07447623 -0.04327889
vn 0.02782997 0.2141404 -0.9764064
vn 0.8186872 -0.5653514 -0.1006436
vn -0.5735676 -0.7965706 -0.1910381
vn -0.02783796 -0.2141343 0.9764075
vn 0.5735671 0.7965693 0.1910453
vn 0.02783902 0.2141351 -0.9764073
vn 0.8186873 -0.5653512 -0.1006437
vn -0.2166118 -0.9522864 -0.2150114
vn -0.02784603 -0.2141284 0.9764085
vn 0.6739143 -0.728966 -0.1201999
vn 0.02784587 0.2141296 -0.9764083
vn 0.9844711 0.1634971 0.06391815
vn 0.1733214 -0.9630265 -0.2062517
vn -0.0278445 -0.2141269 0.9764089
vn -0.1733216 0.9630241 0.2062623
vn 0.02784411 0.214128 -0.9764087
vn 0.984471 0.1634976 0.06391712
vn 0.5368733 -0.8271524 -0.16609
vn -0.02783124 -0.2141243 0.9764099
vn 0.6643481 -0.7326152 -0.1480427
vn 0.02782848 0.214124 -0.97641
vn 0.5735655 0.7965729 0.1910349
vn 0.8186877 -0.5653504 -0.1006452
vn -0.02783647 -0.214131 0.9764082
vn -0.8186877 0.5653484 0.1006561
vn 0.0278356 0.2141315 -0.9764082
vn 0.5735656 0.7965728 0.1910347
vn 0.9758626 -0.2174791 -0.01987935
vn -0.02783185 -0.214126 0.9764095
vn -0.2386415 -0.9616902 -0.1349158
vn 0.02783141 0.2141232 -0.9764101
vn -0.1733271 0.9630262 0.2062483
vn 0.9844712 0.1634981 0.0639129
vn -0.02783228 -0.2141195 0.9764109
vn -0.9844715 -0.1635008 -0.06390133
vn 0.02783321 0.2141197 -0.9764109
vn -0.1733269 0.9630262 0.2062483
vn 0.8432054 0.5195838 0.1379762
vn -0.02783043 -0.2141257 0.9764096
vn 0.1169229 0.9664655 0.2286341
vn 0.02783224 0.2141257 -0.9764096
vn -0.8186868 0.5653521 0.1006425
vn 0.5735668 0.7965723 0.1910334
vn -0.02783063 -0.2141242 0.9764099
vn -0.573567 -0.7965755 -0.1910194
vn 0.02783224 0.2141262 -0.9764094
vn -0.8186867 0.5653521 0.1006431
vn 0.139928 -0.7775083 0.6131077
vn 0.1211222 0.970174 0.2099805
vn -0.02784373 -0.2141149 0.9764116
vn 0.2166118 0.9522879 0.2150052
vn 0.02784228 0.2141172 -0.9764111
vn -0.9844713 -0.1634957 -0.06391805
vn 0.8186867 -0.5653523 -0.1006429
vn -0.173321 0.9630281 0.2062443
vn -0.02784632 -0.2141153 0.9764114
vn 0.1733207 -0.9630305 -0.2062335
vn 0.02784604 0.214117 -0.976411
vn -0.9844713 -0.1634956 -0.06391808
vn -0.5368733 0.8271534 0.1660853
vn -0.02783844 -0.2141138 0.976412
vn -0.4609217 0.8696144 0.1769804
vn 0.02783471 0.2141133 -0.9764122
vn -0.5735667 -0.7965717 -0.1910366
vn -0.8186836 0.5653571 0.1006412
vn -0.02784472 -0.2141226 0.9764099
vn 0.8186833 -0.5653598 -0.1006281
vn 0.02784439 0.2141235 -0.9764097
vn -0.5735665 -0.7965717 -0.1910367
vn -0.9758611 0.2174863 0.01987372
vn -0.02784456 -0.2141244 0.9764095
vn -0.08162307 -0.9724914 -0.2181698
vn 0.02784351 0.2141212 -0.9764102
vn 0.1733275 -0.9630257 -0.2062498
vn -0.9844707 -0.1634974 -0.06392189
vn -0.03754678 -0.1982048 0.9794412
vn 0.9948349 0.0943553 0.03742544
vn 0.03795264 0.1975358 -0.9795607
vn -0.3509632 -0.9117013 -0.2136014
vn -0.8432032 -0.5195853 -0.1379832
vn -0.05739291 -0.2322353 0.970965
vn 0.05848089 0.2328807 -0.9707454
vn 0.4047984 -0.8928811 -0.1972351
vn -0.2582318 -0.94262 -0.2116223
vn -0.01759345 -0.2098507 0.9775751
vn 0.1176392 0.9661987 0.2293928
vn 0.02370692 0.2320122 -0.972424
vn 0.5597208 -0.810867 -0.1709021
vn -0.2229737 -0.9515578 -0.2117087
vn -0.006465082 -0.2290535 0.9733924
vn 0.01165908 0.249355 -0.968342
vn 0.9800632 0.1860835 0.06963561
vn 0.702987 -0.7014523 -0.1173622
vn -0.05143905 -0.2490296 0.9671289
vn 0.04571618 0.2557543 -0.9656603
vn -0.1415832 0.9724681 0.1850949
vn -0.007358053 -0.345814 0.9382743
vn 0.004603621 0.343243 -0.9392354
vn 0.320105 0.8821543 0.3454515
vn 0.4927055 -0.8384579 -0.2328728
vn 0.8972266 0.3724825 0.2371521
vn -0.2908481 0.9138634 0.2833042
vn 0.04678543 0.9939229 0.0996407
vn -0.04678543 -0.9939229 -0.0996407
vn 0.7108454 0.3556606 0.6067985
vn 0.7713576 -0.09934219 0.6286005
vn -0.6346788 -0.0474466 0.7713181
vn 0.6346833 0.04745999 -0.7713136
vn -0.6690012 0.5333352 -0.5176785
vn -0.7108472 -0.355655 -0.6067996
vn 0.7713562 -0.09932414 0.6286051
vn 0.7713571 -0.09932966 0.6286032
vn -0.04678522 -0.993923 -0.09964054
vn 0.7713664 -0.0993292 0.6285918
vn -0.7713581 0.09933098 -0.6286017
vn 0.771359 -0.09931134 0.6286036
vn 0.771359 -0.09932393 0.6286017
vn 0.0467854 0.993923 0.09964068
vn -0.5123493 0.7730452 -0.3740312
vn -0.5785142 -0.6325766 -0.5149449
vn -0.7713587 0.09932069 -0.6286026
vn 0.6346823 0.04744596 -0.7713153
vn 0.6346787 0.04744926 -0.771318
vn 0.7713584 -0.09932443 0.6286023
vn 0.6689993 -0.5333394 0.5176767
vn 0.7713583 -0.09932771 0.628602
vn 0.6346775 0.04744843 -0.7713192
vn 0.6346872 0.04743806 -0.7713118
vn -0.6346788 -0.04744957 0.771318
vn -0.634679 -0.04744932 0.7713178
vn -0.634679 -0.04744944 0.7713178
vn -0.6346781 -0.04744878 0.7713186
vn -0.6346787 -0.04744941 0.771318
vn -0.6346789 -0.04744853 0.7713179
vn -0.6346789 -0.04744885 0.7713179
vn -0.6346781 -0.04744857 0.7713186
vn 0.6346788 0.04744957 -0.771318
vn -0.7713588 0.09932394 -0.6286019
vn 0.634679 0.04744999 -0.7713178
vn 0.634679 0.04744909 -0.7713179
vn 0.6346781 0.04744925 -0.7713185
vn -0.04678554 -0.993923 -0.09964019
vn 0.634679 0.04744987 -0.7713178
vn 0.634679 0.04744894 -0.7713179
vn 0.6346781 0.04744897 -0.7713186
vn -0.04678552 -0.993923 -0.09964015
vn -0.7713583 0.09932956 -0.6286017
vn -0.04678805 -0.9939232 -0.09963708
vn -0.04678672 -0.9939231 -0.09963873
vn -0.04678596 -0.9939231 -0.09963947
vn -0.04678552 -0.993923 -0.09964017
vn -0.04678547 -0.993923 -0.09964059
vn -0.634679 -0.04744939 0.7713178
vn 0.6346787 0.0474451 -0.7713183
vn -0.6346782 -0.04744866 0.7713185
vn 0.04678539 0.993923 0.09964053
vn -0.7724416 0.06823318 -0.6314097
vn 0.6346782 0.04744984 -0.7713185
vn -0.6346694 -0.0474514 0.7713255
vn 0.04678552 0.993923 0.09964015
vn -0.7695189 0.1303233 -0.6251852
vn 0.6346785 0.04744886 -0.7713183
vn -0.6346793 -0.04745609 0.7713172
vn -0.6346763 -0.04745458 0.7713197
vn 0.04678552 0.993923 0.09964018
vn 0.04678592 0.993923 0.09963989
vn 0.04678604 0.9939231 0.09963938
vn 0.04678698 0.9939231 0.09963848
vn 0.04678857 0.9939232 0.09963645
vn 0.6346791 0.04745567 -0.7713174
vn 0.04678983 0.9939234 0.09963506
vn -0.5123456 0.773046 -0.3740348
vn -0.7713584 0.09932256 -0.6286026
vn -0.6346726 -0.04744831 0.7713231
vn 0.6346756 0.04745332 -0.7713204
vn -0.6346733 -0.04745245 0.7713224
vn -0.7713668 0.09933685 -0.6285901
vn -0.5785231 -0.632578 -0.5149333
vn -0.0467892 -0.9939233 -0.09963575
vn 0.6346759 0.04744576 -0.7713206
vn 0.634679 0.04745028 -0.7713178
vn -0.7713553 0.09932468 -0.6286062
vn -0.5123478 0.7730451 -0.3740334
vn 0.04678544 0.993923 0.09964056
vn -0.6346785 -0.04744877 0.7713183
vn 0.6346777 0.04742187 -0.7713205
vn -0.7713562 0.09932413 -0.6286051
vn 0.0468014 0.9939242 0.09962085
vn 0.04680314 0.9939243 0.09961878
vn 0.04680377 0.9939244 0.09961793
vn 0.0468041 0.9939244 0.09961761
vn 0.04680433 0.9939244 0.09961718
vn -0.6346788 -0.04744602 0.7713183
vn -0.04678554 -0.9939231 -0.09963989
vn -0.578513 -0.6325763 -0.5149465
vn -0.7713568 0.099332 -0.6286031
vn 0.6346813 0.04744913 -0.7713159
vn -0.6346806 -0.04745262 0.7713163
vn -0.04677074 -0.9939222 -0.09965509
